0 0.6867087931990928 0.26065021590550436 0.12544148801910032 0.14827496268299925
0 0.02932782441728604 0.8830937633275002 0.05865564883457208 0.20568747334499946
13 0.2728942528255889 0.6832642966263655 0.134181570958725 0.17492836935072642
13 0.37425091090028967 0.5985251226130025 0.12059029691210785 0.14353291868236298
11 0.680791087579312 0.6090149905713226 0.11107145317271012 0.1840306493475449
11 0.14692946435100146 0.7347097126432283 0.15136907095872498 0.17512836401972648
12 0.04878220726424336 0.6501085406588185 0.09756441452848671 0.26853291868236295
3 0.4981348442027339 0.561941637929685 0.16205359981466555 0.21273745202099903
8 0.5800470762313846 0.3407655245862764 0.1440476442797028 0.18909995735199914
11 0.7615673724257023 0.6439979705601868 0.0700793762235353 0.08359429734245402
7 0.9117856272350255 0.636002562539824 0.13699903611233494 0.21088405068427196
15 0.13681287596908132 0.8902330066438647 0.16455855172143133 0.1502919960216353
15 0.7242583122667504 0.8849593252307774 0.20811014427970279 0.18984539202736234