0 0.7610037030785414 0.38656873668157365 0.14604246466513898 0.17556771857321785
0 0.03035246191225663 0.8441377660915433 0.06070492382451326 0.19140053218308672
13 0.28761356915111047 0.7212511951922075 0.159197081306389 0.20456680372251163
13 0.4009870445498258 0.6579695812140216 0.13964699430041674 0.16888067599857096
11 0.7090164436761454 0.737415688659045 0.1358686840799308 0.20761539406758586
11 0.15403734973631883 0.74477654048096 0.1748584488975696 0.20722191015912905
12 0.06705564095819425 0.6316431199302708 0.1341112819163885 0.3007862398605415
3 0.5318740218484022 0.6491240949597763 0.1913926386770836 0.24737701659574646
8 0.643070014248958 0.44405381872877436 0.16889938962701406 0.21928486758448215
11 0.785232798349548 0.7912615905203009 0.08186955547083344 0.09932229282674836
7 0.9115589090068743 0.8102679526569014 0.11453919794763898 0.22952324505632155
15 0.12401992857416592 0.8913566095387104 0.18339699430041678 0.17193997402109956
15 0.7181322980652075 0.954719259054178 0.22969011284152785 0.09056148189164404