0 0.3111305933720437 0.30668059680136184 0.12990677068745357 0.16208437278026225
0 0.9279599401256761 0.9557732966851462 0.12047722668681722 0.08845340662970749
13 0.67811283943345 0.7843181858090534 0.13959085335772628 0.1893024366422326
13 0.585624800087496 0.6849576881548419 0.12358404535327186 0.15539733020561536
11 0.2784480994191324 0.650987971675311 0.11624426002545336 0.19547602698730665
11 0.7975628207749496 0.8527782447273452 0.15521585335772609 0.1903950430788499
12 0.9256746250397709 0.7869561387949311 0.14865074992045813 0.28392652179152655
3 0.4655662914146781 0.6312867489147193 0.16817038669636233 0.23033162822814396
8 0.40903283871736135 0.4017360067083894 0.14912948535963513 0.20402050050420312
11 0.19519979475649585 0.6748300272394082 0.07287497334499946 0.09096348960843983
7 0.061369687420405085 0.6451757422063299 0.11030334269572595 0.22160148441265975
15 0.7913684594604942 0.9610838735365668 0.16866018801718105 0.07783225292686638
15 0.20573040412153984 0.9051216836661904 0.211502216024817 0.18975663266761914