11 0.8951120895039584 0.7441406282272702 0.13496654349765969 0.21732278397749988
8 0.7899816487445868 0.24214748421227003 0.14912720258518863 0.1827522943450923
3 0.6452474688968111 0.19208727855736235 0.11950336958138301 0.18171747464666646
13 0.545720948668037 0.5010801526856492 0.22670837452429887 0.21445064514629592
11 0.32364036022702397 0.4962045993870839 0.11752437551288208 0.20956907257314797
6 0.41509166707055645 0.7586957459939823 0.17778539627312884 0.3129278098964813
15 0.5457222431542799 0.712769508387825 0.12482753954332697 0.19775257775694416
9 0.40089119870521805 0.9104728594718526 0.09533635771838486 0.12355366013203692
1 0.24400187015003674 0.9469359141845374 0.08099001482874764 0.07714755183796314
0 0.5927975840295698 0.34799481743583444 0.0885425296574951 0.14787015494824063
3 0.8185906932680105 0.8480557316203718 0.1429116946765233 0.1448421912348145