11 0.6983502165330873 0.9155233733669398 0.16714099163225704 0.16895325326612037
8 0.8132857355278216 0.4360513071019315 0.17553334577069996 0.19870905773721592
3 0.7025296992317744 0.3214589151073787 0.1456001843053107 0.19229245776545084
13 0.4847402544110141 0.5595372258283665 0.2571042503386842 0.2392878260824803
11 0.28508881445149387 0.45152178654935426 0.15011726594251645 0.21903696828879457
6 0.25842565864031414 0.7359954970868154 0.22599809249133962 0.32938220506402766
15 0.39621558570953563 0.753424462744774 0.15431344301173802 0.20993498407381014
9 0.17770352386003357 0.8856700024190743 0.12085248982323468 0.16592737884037306
1 0.03489460227364984 0.8521232130977099 0.06978920454729969 0.13211382096198285
0 0.5904690332438294 0.4410973099445289 0.11098616689245625 0.15600634727034207
3 0.5847513839913704 0.9630739365775891 0.16181832654882305 0.0738521268448217