13 0.5158532447273404 0.5239890293668583 0.25976690271722325 0.28114195745273884
11 0.6282118570710596 0.38638955629782956 0.15983633538669526 0.1930783551898026
8 0.8023363486335391 0.2952338120533662 0.2687252404661713 0.31399990924813687
11 0.9231684318472407 0.5435991100615764 0.1536631363055186 0.21346357806243949
11 0.36022325970346486 0.33952715007475476 0.1567658990890261 0.19462267447164336
11 0.18863103501602635 0.6150351684215191 0.1981200745869221 0.2604749334486337
3 0.33456112702614355 0.856014171544777 0.24446928493120837 0.28797165691044596
0 0.5750546630536603 0.7430390112164856 0.1632887176006804 0.2024715359079618
1 0.5521354519915838 0.26565889978016716 0.17124506134007814 0.16190107806243947
1 0.25661711006628457 0.3475163911959601 0.14150299763774726 0.16016586123992677
15 0.12069945743387937 0.3920289395969538 0.22219249164729754 0.23405787919390758