13 0.4920435736081471 0.43484979703863935 0.25972463930283635 0.287856283355371
11 0.6573509910664301 0.375265677862191 0.1598264586155702 0.19536116689245625
8 0.8512614433504222 0.38312136420366666 0.2706554952503016 0.31803510628614956
11 0.83401414687761 0.6519466073062616 0.1733091044771272 0.21476626413349428
11 0.4550471053816384 0.20725374152071535 0.15826395861557022 0.19527927973732645
11 0.16731248925740783 0.3523769702626736 0.19928510628614954 0.26443207146044045
3 0.15643470149102265 0.6381031083223145 0.24787309249133962 0.3293067989592034
0 0.42855204093014454 0.6434269369073025 0.16500528154634875 0.20498182835784534
1 0.6556955585701416 0.23904157281923685 0.17077060266810484 0.1663287641334942
1 0.36266485357261613 0.1635247529406761 0.14256371551297517 0.1632922953411587
15 0.2120164003841128 0.1291165326780025 0.2510180246489438 0.24065373473485202