13 0.3928770134732399 0.5136340074515549 0.2645882539486923 0.28493205140632505
11 0.52102809210726 0.3840658656642314 0.16276379958972598 0.19511086463846716
8 0.7051205948065523 0.30222956973229487 0.27476873735195273 0.316500386387297
11 0.802760576335713 0.554629010948777 0.17668458963168235 0.21437020060802237
11 0.2629797163823137 0.3249641438016709 0.16120129958972595 0.1950471976422728
11 0.07967752053382077 0.5862014382507327 0.15935504106764153 0.26369903855474386
3 0.1698949964522931 0.8430761793534842 0.2507159307132569 0.3138476412930317
0 0.4233537284056611 0.7319502673373867 0.1665991946107041 0.20461319863085592
1 0.4621760782098129 0.26098385132977536 0.1744583161864654 0.16443386760421672
1 0.15865906928674312 0.3261990385547438 0.14465241701630244 0.1616616946765233
15 0.0663685159720396 0.363244099315428 0.1327370319440792 0.229613198630856